1 0.816667 0.069141 0.194444 0.107031
1 0.370833 0.753125 0.113889 0.068750
0 0.961806 0.824609 0.076388 0.110156
0 0.409028 0.591016 0.173611 0.095312
0 0.518750 0.689453 0.277778 0.121875
1 0.311111 0.651953 0.086111 0.055469
1 0.579861 0.323828 0.159722 0.089844
1 0.288889 0.362109 0.141667 0.049219
1 0.905556 0.716016 0.129167 0.066406
2 0.511111 0.622656 0.105556 0.082031
2 0.609028 0.254297 0.056944 0.085156
2 0.734722 0.096875 0.109722 0.056250
2 0.940972 0.687500 0.118056 0.050781
2 0.337500 0.609375 0.080556 0.057813
2 0.391667 0.716797 0.073611 0.049219