0 0.108594 0.640972 0.033594 0.062500
0 0.170703 0.687500 0.032813 0.041667
0 0.242578 0.695139 0.033594 0.048611
0 0.150781 0.565972 0.028125 0.047222
0 0.129297 0.373611 0.031250 0.055556
0 0.404687 0.411806 0.026562 0.038889
0 0.432031 0.425000 0.019531 0.019444
0 0.646875 0.570139 0.021094 0.029167
0 0.748437 0.688194 0.022656 0.038889
0 0.830078 0.665278 0.031250 0.050000
0 0.928516 0.543056 0.029687 0.051389
0 0.965234 0.562500 0.030469 0.047222
1 0.978125 0.470139 0.036719 0.072222
1 0.014063 0.721528 0.028125 0.066667
1 0.130469 0.655556 0.028125 0.040278
1 0.456250 0.350000 0.025000 0.047222
1 0.744922 0.618750 0.027344 0.048611
1 0.360156 0.245139 0.028125 0.036111
1 0.216406 0.763889 0.017969 0.040278
1 0.671094 0.721528 0.032031 0.055556
1 0.702734 0.520833 0.022656 0.029167
1 0.492188 0.567361 0.019531 0.034722
1 0.975000 0.627083 0.030469 0.051389
1 0.798828 0.665278 0.013281 0.025000
1 0.210547 0.261111 0.015625 0.029167
1 0.665234 0.194444 0.010937 0.022222
1 0.266406 0.747222 0.033594 0.056944
2 0.249219 0.642361 0.011719 0.090278
2 0.407422 0.374306 0.021094 0.041667
2 0.673047 0.668056 0.017188 0.079167
2 0.925781 0.502083 0.014844 0.059722