0 0.141667 0.575781 0.140278 0.092188
1 0.741667 0.098437 0.148611 0.091406
1 0.579167 0.050000 0.177778 0.092969
0 0.725694 0.429688 0.127778 0.099219
0 0.100000 0.711328 0.183333 0.095312
1 0.324306 0.730859 0.109722 0.064062
0 0.268750 0.729688 0.150000 0.105469
2 0.682639 0.403125 0.165278 0.068750
2 0.170833 0.580078 0.176389 0.049219
2 0.130556 0.664063 0.140278 0.084375
2 0.750000 0.049219 0.081944 0.074219
2 0.521528 0.066406 0.055556 0.067187
2 0.207639 0.712891 0.050000 0.052344
2 0.295833 0.697656 0.065278 0.085938