1 0.298828 0.521528 0.032031 0.047222
0 0.471875 0.270139 0.020313 0.048611
0 0.751172 0.417361 0.023438 0.050000
0 0.988281 0.447917 0.020313 0.043056
1 0.232813 0.625000 0.024219 0.041667
0 0.129688 0.688194 0.024219 0.050000
0 0.526953 0.427083 0.017188 0.033333
0 0.403125 0.636806 0.022656 0.043056
0 0.465625 0.677083 0.017969 0.030556
0 0.592578 0.630556 0.014063 0.030556
0 0.590625 0.606944 0.022656 0.044444
0 0.805859 0.491667 0.015625 0.031944
0 0.962891 0.504861 0.022656 0.038889
1 0.164453 0.577083 0.021094 0.031944
1 0.094141 0.651389 0.014844 0.031944
1 0.269531 0.602778 0.017188 0.025000
1 0.482422 0.494444 0.015625 0.023611
1 0.073047 0.650694 0.017188 0.036111
1 0.246484 0.616667 0.021875 0.061111
1 0.518359 0.734722 0.022656 0.045833
1 0.386328 0.646528 0.021875 0.037500
1 0.364063 0.547222 0.021875 0.038889
1 0.498047 0.295139 0.016406 0.034722
1 0.646875 0.418750 0.017969 0.031944
1 0.594922 0.372222 0.014844 0.025000
1 0.772266 0.450694 0.011719 0.023611
1 0.784766 0.482639 0.011719 0.026389
1 0.798828 0.426389 0.015625 0.022222
1 0.861719 0.440972 0.015625 0.023611
1 0.116406 0.722222 0.021875 0.036111
1 0.154688 0.688194 0.014844 0.031944
2 0.402734 0.598611 0.007813 0.065278
2 0.299219 0.477778 0.010937 0.066667
2 0.468750 0.643750 0.009375 0.056944