0 0.225260 0.579167 0.035937 0.046296
2 0.207552 0.557407 0.016146 0.042593
0 0.246094 0.518981 0.034375 0.060185
2 0.259375 0.493519 0.039063 0.047222
0 0.268490 0.275000 0.038542 0.050000
1 0.528646 0.833333 0.028125 0.045370
2 0.531510 0.806019 0.017188 0.048148
0 0.558854 0.821296 0.034375 0.071296
2 0.542708 0.796296 0.019792 0.058333
1 0.588021 0.784722 0.031771 0.053704
2 0.582031 0.759259 0.021875 0.047222
0 0.739062 0.284259 0.035937 0.057407
2 0.743490 0.269907 0.018229 0.072222
0 0.786458 0.265278 0.029687 0.050926
2 0.787240 0.230093 0.016667 0.049074