0 0.434375 0.547917 0.083594 0.151389
1 0.313281 0.469444 0.050781 0.087500
1 0.362891 0.595833 0.073438 0.133333
0 0.330859 0.879167 0.085156 0.143056
0 0.540234 0.452778 0.083594 0.152778
1 0.416016 0.306944 0.053906 0.090278
1 0.350000 0.340278 0.043750 0.076389
2 0.532813 0.461111 0.064844 0.075000
2 0.349219 0.935417 0.052344 0.095833
2 0.449609 0.517361 0.078125 0.122222
2 0.378516 0.359722 0.035937 0.054167
2 0.386328 0.577778 0.046875 0.059722
2 0.436328 0.330556 0.029687 0.084722
2 0.339062 0.486111 0.050781 0.052778