2 0.372135 0.477315 0.029687 0.130556
2 0.231250 0.737963 0.024479 0.147222
2 0.207292 0.754630 0.023438 0.158333
2 0.075781 0.639352 0.020313 0.126852
0 0.080729 0.712963 0.063542 0.065741
0 0.242969 0.815278 0.041146 0.059259
0 0.212500 0.832870 0.035417 0.075926
0 0.372135 0.564815 0.057292 0.077778
1 0.354167 0.821296 0.059375 0.093519
1 0.455729 0.769907 0.044792 0.073148
1 0.474740 0.583796 0.042708 0.075926
1 0.406771 0.578704 0.063542 0.093519
1 0.465625 0.961574 0.052604 0.076852
1 0.555729 0.941204 0.042188 0.088889
1 0.650260 0.767130 0.054167 0.075926
1 0.605990 0.691667 0.035937 0.053704
1 0.764323 0.573148 0.047396 0.085185