0 0.505469 0.583333 0.050000 0.084259
0 0.548177 0.390278 0.047396 0.082407
0 0.286719 0.554167 0.042708 0.059259
2 0.518229 0.580556 0.031771 0.078704
2 0.280208 0.544907 0.030729 0.040741
1 0.567187 0.581481 0.047917 0.078704
2 0.562760 0.581944 0.022396 0.052778
1 0.684635 0.538889 0.050521 0.064815
1 0.741146 0.516204 0.046875 0.067593
1 0.340885 0.550000 0.030729 0.061111
2 0.320833 0.533796 0.019271 0.060185
1 0.463021 0.450463 0.032813 0.052778
2 0.483073 0.456944 0.030729 0.039815
2 0.540885 0.452315 0.017188 0.024074
2 0.306771 0.642593 0.027604 0.055556
2 0.367448 0.452315 0.022917 0.031481
2 0.389323 0.478704 0.033333 0.027778
1 0.553125 0.446296 0.029687 0.043519