0 0.478125 0.634722 0.059375 0.125000
1 0.343359 0.722222 0.057031 0.098611
1 0.345313 0.529167 0.032813 0.047222
1 0.387500 0.504861 0.044531 0.070833
0 0.312891 0.194444 0.071094 0.105556
1 0.313281 0.627778 0.041406 0.076389
0 0.301953 0.944444 0.078125 0.111111
1 0.900391 0.100000 0.033594 0.062500
1 0.894922 0.036111 0.032031 0.050000
2 0.461328 0.637500 0.062500 0.052778
2 0.336328 0.154167 0.048438 0.081944
2 0.310547 0.973611 0.023438 0.051389
2 0.417969 0.502778 0.041406 0.030556
2 0.366797 0.553472 0.036719 0.040278
2 0.337891 0.643750 0.042188 0.041667
2 0.367969 0.709028 0.042969 0.027778