0 0.729688 0.913889 0.032031 0.050000
0 0.912109 0.635417 0.026562 0.047222
0 0.377734 0.045833 0.021875 0.037500
0 0.542578 0.550694 0.022656 0.033333
1 0.412109 0.679167 0.017969 0.025000
1 0.285547 0.204861 0.014063 0.019444
1 0.259766 0.175000 0.015625 0.023611
0 0.343359 0.779861 0.014844 0.030556
1 0.345313 0.752083 0.017188 0.023611
0 0.423438 0.742361 0.020313 0.030556
0 0.269141 0.214583 0.022656 0.047222
2 0.378125 0.024306 0.014063 0.037500
2 0.259375 0.114583 0.012500 0.033333
2 0.276562 0.181944 0.012500 0.036111
2 0.286719 0.187500 0.015625 0.045833