0 0.378125 0.362500 0.052604 0.131481
0 0.522396 0.465741 0.048958 0.105556
0 0.142969 0.508333 0.042188 0.097222
2 0.363281 0.323148 0.045833 0.085185
2 0.513281 0.430556 0.055729 0.053704
2 0.189844 0.723611 0.019271 0.064815
2 0.190365 0.602778 0.025000 0.050000
2 0.139844 0.442130 0.019271 0.092593
2 0.571354 0.514352 0.029687 0.045370
2 0.595833 0.344444 0.027083 0.047222
2 0.564063 0.339815 0.020313 0.052778
1 0.610677 0.372685 0.039063 0.054630
1 0.577344 0.375000 0.034375 0.073148
1 0.536198 0.332870 0.053125 0.091667
1 0.582031 0.540278 0.046354 0.068519
1 0.246615 0.724074 0.054688 0.077778
1 0.196354 0.750926 0.035937 0.065741
1 0.203646 0.606944 0.033854 0.062963
2 0.225521 0.693519 0.025521 0.046296