1 0.481250 0.275694 0.019531 0.029167
0 0.712500 0.604167 0.024219 0.048611
1 0.189062 0.609028 0.030469 0.058333
1 0.317578 0.529861 0.029687 0.062500
1 0.347266 0.482639 0.022656 0.043056
1 0.374219 0.493750 0.023438 0.040278
1 0.394531 0.581250 0.020313 0.047222
1 0.478125 0.474306 0.025781 0.052778
1 0.575000 0.390972 0.021875 0.044444
1 0.798828 0.578472 0.023438 0.047222
1 0.770703 0.692361 0.021875 0.041667
0 0.017188 0.500694 0.034375 0.063889
0 0.291016 0.484722 0.039844 0.066667
0 0.212500 0.572917 0.038281 0.062500
1 0.957031 0.347917 0.029687 0.043056
1 0.463281 0.414583 0.029687 0.062500
0 0.441797 0.441667 0.022656 0.048611
0 0.471094 0.728472 0.025781 0.063889
0 0.499219 0.725000 0.021094 0.050000
0 0.726563 0.705556 0.032031 0.045833
1 0.146875 0.311111 0.043750 0.048611
1 0.941406 0.705556 0.019531 0.034722
0 0.380469 0.359028 0.030469 0.055556
1 0.808984 0.220139 0.028125 0.037500
1 0.892969 0.354167 0.028906 0.043056
0 0.751172 0.559028 0.028906 0.069444
1 0.130859 0.456944 0.032031 0.058333
1 0.102734 0.495833 0.026562 0.038889
1 0.040625 0.531944 0.025781 0.048611
1 0.102344 0.769444 0.035937 0.073611
2 0.016797 0.455556 0.012500 0.076389