1 0.920312 0.729861 0.022656 0.043056
1 0.328516 0.318056 0.028125 0.036111
1 0.807031 0.429167 0.028906 0.050000
1 0.278125 0.893750 0.017969 0.041667
1 0.337500 0.856944 0.018750 0.031944
1 0.341797 0.719444 0.025781 0.047222
1 0.095312 0.509722 0.035156 0.048611
0 0.311719 0.849306 0.032813 0.062500
0 0.314453 0.690278 0.032031 0.075000
0 0.788281 0.485417 0.029687 0.055556
0 0.836328 0.555556 0.024219 0.058333
0 0.892969 0.663889 0.030469 0.051389
0 0.020313 0.904861 0.039844 0.072222
0 0.274219 0.746528 0.024219 0.044444
1 0.653125 0.633333 0.026562 0.048611
1 0.642188 0.708333 0.021875 0.044444
1 0.863672 0.547917 0.026562 0.050000
1 0.881641 0.752083 0.025000 0.045833
1 0.656641 0.427083 0.021875 0.038889
1 0.501953 0.452778 0.025000 0.052778