0 0.456250 0.902734 0.219444 0.115625
1 0.854167 0.921484 0.155556 0.123438
1 0.697222 0.924609 0.209722 0.114844
0 0.270833 0.484766 0.213889 0.085156
0 0.127083 0.371094 0.177778 0.063281
1 0.956944 0.479297 0.086111 0.069531
0 0.422917 0.495703 0.141667 0.102344
2 0.423611 0.821094 0.079167 0.127344
2 0.268056 0.421094 0.052778 0.128125
2 0.168056 0.328906 0.205556 0.065625
2 0.666667 0.836719 0.059722 0.107031
2 0.769444 0.837109 0.093056 0.083594
1 0.398611 0.966406 0.150000 0.060156
2 0.395833 0.927344 0.069444 0.067187
2 0.276389 0.526953 0.084722 0.035937
1 0.325000 0.544141 0.108333 0.059375