0 0.404167 0.444444 0.116667 0.153704
0 0.844531 0.063889 0.054688 0.127778
0 0.523698 0.468519 0.085938 0.138889
2 0.430990 0.452778 0.053646 0.135185
1 0.328125 0.179630 0.057292 0.112963
1 0.739062 0.381944 0.066146 0.118519
1 0.841146 0.360648 0.073438 0.117593
2 0.773177 0.334722 0.052604 0.067593
2 0.857292 0.287500 0.033333 0.091667
2 0.145833 0.196296 0.033854 0.053704
2 0.182292 0.249074 0.044271 0.036111
1 0.201042 0.279630 0.061979 0.087963
1 0.166146 0.218056 0.053125 0.097222
2 0.365885 0.195370 0.055208 0.059259