1 0.668750 0.398438 0.113889 0.056250
1 0.554861 0.376172 0.070833 0.034375
1 0.561806 0.325781 0.073611 0.032813
1 0.713194 0.271484 0.081944 0.043750
1 0.573611 0.246094 0.056944 0.035156
1 0.685417 0.350781 0.061111 0.032813
0 0.563194 0.341406 0.098611 0.048438
0 0.400000 0.275391 0.095833 0.065625
2 0.446528 0.278906 0.105556 0.025781
2 0.681250 0.381641 0.030556 0.049219
2 0.676389 0.326953 0.033333 0.037500
2 0.690972 0.249219 0.048611 0.031250
2 0.543750 0.251563 0.055556 0.011719
2 0.424306 0.332813 0.023611 0.032813