1 0.467187 0.356944 0.040625 0.095833
0 0.570703 0.748611 0.058594 0.125000
1 0.423828 0.663889 0.041406 0.106944
1 0.522266 0.341667 0.050000 0.112500
1 0.600391 0.288194 0.052344 0.095833
1 0.806641 0.783333 0.044531 0.100000
1 0.808203 0.879861 0.047656 0.052778
0 0.136719 0.579167 0.034375 0.061111
0 0.137109 0.802083 0.035156 0.066667
0 0.162891 0.750000 0.035156 0.083333
0 0.206250 0.722222 0.047656 0.073611
0 0.457422 0.620833 0.060156 0.118056
0 0.948438 0.700000 0.060937 0.084722
0 0.758203 0.791667 0.049219 0.090278
0 0.440234 0.485417 0.054688 0.109722
2 0.580859 0.667361 0.035937 0.112500
2 0.201563 0.661806 0.028125 0.086111