1 0.734375 0.863194 0.039063 0.058333
1 0.641406 0.739583 0.041406 0.073611
1 0.322656 0.077778 0.051562 0.072222
1 0.166797 0.431944 0.041406 0.040278
1 0.137891 0.596528 0.070313 0.115278
0 0.954297 0.390278 0.050781 0.083333
0 0.786328 0.632639 0.041406 0.073611
0 0.702734 0.802778 0.039844 0.075000
0 0.123047 0.700000 0.067969 0.147222
0 0.168750 0.546528 0.057813 0.097222
1 0.746094 0.725000 0.032031 0.062500
1 0.781250 0.810417 0.043750 0.055556
1 0.781641 0.729861 0.035156 0.068056
0 0.782813 0.161806 0.045312 0.095833