0 0.118750 0.632639 0.046094 0.068056
0 0.902344 0.318056 0.038281 0.065278
0 0.744531 0.661111 0.034375 0.076389
0 0.715625 0.617361 0.025000 0.073611
0 0.294922 0.423611 0.033594 0.073611
0 0.084375 0.794444 0.034375 0.068056
1 0.932422 0.588194 0.028906 0.059722
1 0.783203 0.671528 0.033594 0.073611
1 0.685156 0.632639 0.036719 0.069444
1 0.535937 0.588194 0.041406 0.063889
1 0.460156 0.590972 0.028906 0.056944
1 0.444141 0.565972 0.018750 0.044444
1 0.438281 0.627083 0.024219 0.075000
1 0.370312 0.791667 0.039844 0.075000
1 0.116797 0.864583 0.046094 0.061111
1 0.056641 0.840972 0.034375 0.065278
1 0.114844 0.796528 0.033594 0.055556
1 0.076172 0.726389 0.038281 0.073611
1 0.036328 0.720833 0.031250 0.073611
1 0.703906 0.752778 0.032813 0.088889
0 0.346875 0.178472 0.038281 0.088889
0 0.516406 0.372917 0.050000 0.097222
2 0.115625 0.579167 0.031250 0.087500