1 0.267361 0.433203 0.069444 0.051562
1 0.677778 0.143359 0.112500 0.073438
1 0.506250 0.322656 0.116667 0.069531
1 0.122917 0.554688 0.094444 0.049219
1 0.295139 0.585547 0.098611 0.053125
0 0.845833 0.661328 0.180556 0.081250
0 0.439583 0.563672 0.220833 0.107813
1 0.755556 0.589453 0.118056 0.075000
1 0.213889 0.433594 0.106944 0.071094
0 0.353472 0.510156 0.138889 0.079687
2 0.833333 0.583203 0.080556 0.137500
2 0.768056 0.541016 0.075000 0.085938
2 0.428472 0.487109 0.062500 0.076563
2 0.527083 0.268750 0.059722 0.073438
2 0.606250 0.142578 0.091667 0.045312
2 0.148611 0.510938 0.045833 0.066406
2 0.296528 0.401562 0.048611 0.053125
2 0.330556 0.542969 0.056944 0.079687